000459
001311
001680
001871
002018
002087
002641
002650
003107
003138
003172
003314
003797
003849
003949
003966
004165
004331
004687
005681
005894
006828
007154
007412
008311
009042
009048
009398
009970
010102
010115
010117
010125
010126
010140
010553
010589
011093
011232
011588
012380
012383
013878
014159
014626
015689
015903
017336
017354
017975
020487
020537
025450
025739
027839
028399
028801
028935
030323
031086
035320
036052
036638
036684
036850
040229
041701
042040
043163
043353
043536
044711
045684
048603
049065
049091
049298
049303
049477
049615
050550
050938
051405
051687
051880
052879
053935
055144
055768
056124
058456
058662
064541
064585
066486
066922
068886
070482
070834
072240
074082
074402
075102
076055
076458
076550
079340
080234
080235
080239
081098
081249
081389
081721
082351
082588
083319
083520
084453
084598
085155
085587
086145
087419
089433
090676
091045
093369
095329
095336
096180
096394
097236
097363
097427
104313
